Episode, Total Reward, Epsilon, Steps
1, 1510.00, 0.36, 190
2, 1319.00, 0.20, 184
3, -29.00, 0.17, 151
4, 1233.00, 0.14, 151
5, 1177.00, 0.11, 151
6, 2143.00, 0.09, 151
7, -180.00, 0.08, 151
8, 3316.00, 0.07, 151
9, 3096.00, 0.07, 151
10, 2120.00, 0.06, 224
11, 1654.00, 0.05, 151
12, 732.00, 0.05, 151
13, 958.00, 0.04, 214
14, 729.00, 0.04, 151
15, -172.00, 0.04, 151
16, 522.00, 0.04, 151
17, 2406.00, 0.03, 151
18, -857.00, 0.03, 151
19, -1809.00, 0.03, 151
20, -361.00, 0.03, 151
21, 1645.00, 0.03, 151
22, 478.00, 0.03, 151
23, 3331.00, 0.03, 151
24, 3112.00, 0.03, 151
25, 1802.00, 0.03, 151
26, 286.00, 0.02, 151
27, 1114.00, 0.02, 151
28, -879.00, 0.02, 151
29, 1585.00, 0.02, 151
30, -220.00, 0.02, 151
31, -5252.00, 0.02, 151
32, 1471.00, 0.02, 151
33, 294.00, 0.02, 151
34, 1634.00, 0.02, 151
35, -1278.00, 0.02, 151
36, -1870.00, 0.02, 151
37, 1698.00, 0.02, 151
38, 507.00, 0.02, 151
39, 150.00, 0.02, 232
40, 1529.00, 0.01, 151
41, -1876.00, 0.01, 151
42, -1147.00, 0.01, 151
43, 532.00, 0.01, 151
44, 3917.00, 0.01, 151
45, 873.00, 0.01, 151
46, 495.00, 0.01, 151
47, 2690.00, 0.01, 151
48, 1606.00, 0.01, 151
49, 1634.00, 0.01, 151
50, -2170.00, 0.01, 151
51, -1067.00, 0.01, 151
52, 1204.00, 0.01, 151
53, 2109.00, 0.01, 151
54, 2417.00, 0.01, 151
55, 11.00, 0.01, 151
56, 1614.00, 0.01, 151
57, 2551.00, 0.01, 151
58, 1336.00, 0.01, 151
59, 2550.00, 0.01, 151
60, 345.00, 0.01, 151
61, -2089.00, 0.01, 151
62, 416.00, 0.01, 151
63, 1501.00, 0.01, 151
64, 2410.00, 0.01, 151
65, 2285.00, 0.01, 151
66, -1225.00, 0.01, 151
67, 45.00, 0.01, 151
68, 436.00, 0.01, 151
69, 1681.00, 0.01, 151
70, 3664.00, 0.01, 151
71, 976.00, 0.01, 151
72, 2502.00, 0.01, 151
73, 3936.00, 0.01, 151
74, 2551.00, 0.01, 151
75, 2867.00, 0.01, 160
76, 2635.00, 0.01, 151
77, 423.00, 0.01, 151
78, 2848.00, 0.01, 151
79, 1354.00, 0.01, 151
80, 1416.00, 0.01, 151
81, 1493.00, 0.01, 151
82, 626.00, 0.01, 151
83, 1564.00, 0.01, 151
84, 2550.00, 0.01, 151
85, 3694.00, 0.01, 151
86, 277.00, 0.01, 151
87, 437.00, 0.01, 151
88, 1353.00, 0.01, 151
89, 2032.00, 0.01, 151
90, 2551.00, 0.01, 151
91, 2173.00, 0.01, 151
92, 1634.00, 0.01, 151
93, 1634.00, 0.01, 151
94, 2551.00, 0.01, 151
95, -228.00, 0.01, 151
96, 2551.00, 0.01, 151
97, 3253.00, 0.01, 151
98, 656.00, 0.01, 151
99, 2551.00, 0.01, 151
100, 2543.00, 0.01, 151
101, 1789.00, 0.01, 151
102, 2158.00, 0.01, 153
103, 2772.00, 0.01, 151
104, 3167.00, 0.01, 151
105, 1563.00, 0.01, 151
106, -1568.00, 0.01, 151
107, 2691.00, 0.01, 151
108, -651.00, 0.01, 194
109, -323.00, 0.01, 151
110, 1969.00, 0.01, 151
111, -886.00, 0.01, 151
112, 1506.00, 0.01, 151
113, 3020.00, 0.01, 151
114, 3388.00, 0.01, 151
115, -1086.00, 0.01, 151
116, 437.00, 0.01, 151
117, 738.00, 0.01, 151
118, -129.00, 0.01, 151
119, 577.00, 0.01, 151
120, 2560.00, 0.01, 239
121, 1590.00, 0.01, 151
122, 2701.00, 0.01, 151
123, 1494.00, 0.01, 151
124, 1354.00, 0.01, 151
125, 1354.00, 0.01, 151
126, 1406.00, 0.01, 151
127, 676.00, 0.01, 151
128, -681.00, 0.01, 151
129, 132.00, 0.01, 151
130, 848.00, 0.01, 151
131, 1494.00, 0.01, 151
132, 2525.00, 0.01, 151
133, 1539.00, 0.01, 151
134, 46.00, 0.01, 151
135, 396.00, 0.01, 151
136, -17.00, 0.01, 151
137, 1225.00, 0.01, 151
138, 1220.00, 0.01, 151
139, -1032.00, 0.01, 151
140, -639.00, 0.01, 151
141, 1474.00, 0.01, 151
142, 470.00, 0.01, 151
143, 2283.00, 0.01, 151
144, 1493.00, 0.01, 151
145, 23.00, 0.01, 151
146, 400.00, 0.01, 151
147, -593.00, 0.01, 191
148, 651.00, 0.01, 151
149, -938.00, 0.01, 151
150, 1069.00, 0.01, 151
151, 3005.00, 0.01, 151
152, 1505.00, 0.01, 151
153, 1541.00, 0.01, 151
154, -896.00, 0.01, 151
155, -1265.00, 0.01, 151
156, 2870.00, 0.01, 151
157, 2157.00, 0.01, 151
158, 1943.00, 0.01, 151
159, 466.00, 0.01, 228
160, 1599.00, 0.01, 151
161, 1334.00, 0.01, 151
162, 4519.00, 0.01, 151
163, 2410.00, 0.01, 151
164, 3342.00, 0.01, 151
165, 2508.00, 0.01, 151
166, -388.00, 0.01, 151
167, 2478.00, 0.01, 151
168, 1128.00, 0.01, 151
169, -902.00, 0.01, 151
170, 3180.00, 0.01, 151
171, 1494.00, 0.01, 151
172, 2012.00, 0.01, 151
173, 481.00, 0.01, 151
174, 1505.00, 0.01, 151
175, 436.00, 0.01, 151
176, 1373.00, 0.01, 151
177, 2643.00, 0.01, 151
178, 3748.00, 0.01, 151
179, 2750.00, 0.01, 151
180, 2831.00, 0.01, 151
181, 577.00, 0.01, 151
182, 2390.00, 0.01, 151
183, 976.00, 0.01, 151
184, 898.00, 0.01, 151
185, 1487.00, 0.01, 151
186, 2422.00, 0.01, 151
187, 3341.00, 0.01, 151
188, 1527.00, 0.01, 151
189, 3907.00, 0.01, 151
190, -152.00, 0.01, 151
191, 1368.00, 0.01, 151
192, 1227.00, 0.01, 151
193, 4926.00, 0.01, 151
194, 611.00, 0.01, 151
195, 1506.00, 0.01, 151
196, 3011.00, 0.01, 151
197, 2524.00, 0.01, 151
198, 2550.00, 0.01, 151
199, 855.00, 0.01, 151
200, 882.00, 0.01, 151
201, 2423.00, 0.01, 151
202, 972.00, 0.01, 151
203, 3866.00, 0.01, 151
204, 3808.00, 0.01, 151
205, -521.00, 0.01, 151
206, -1206.00, 0.01, 151
207, -86.00, 0.01, 154
208, 1047.00, 0.01, 151
209, 3227.00, 0.01, 151
210, 393.00, 0.01, 151
211, 54.00, 0.01, 151
212, 2282.00, 0.01, 151
213, 1848.00, 0.01, 151
214, 2453.00, 0.01, 151
215, 90.00, 0.01, 151
216, 1454.00, 0.01, 151
217, 1354.00, 0.01, 151
218, 435.00, 0.01, 151
219, -1089.00, 0.01, 151
220, 626.00, 0.01, 151
221, 1874.00, 0.01, 163
222, 2403.00, 0.01, 151
223, -104.00, 0.01, 151
224, 1618.00, 0.01, 151
225, 3163.00, 0.01, 151
226, 1505.00, 0.01, 151
227, 1547.00, 0.01, 151
228, 384.00, 0.01, 151
229, 2563.00, 0.01, 151
230, 1233.00, 0.01, 151
231, 1397.00, 0.01, 151
232, 2826.00, 0.01, 151
233, 1637.00, 0.01, 151
234, 1447.00, 0.01, 151
235, 3619.00, 0.01, 151
236, 2885.00, 0.01, 151
237, 1247.00, 0.01, 151
238, -49.00, 0.01, 156
239, 2411.00, 0.01, 151
240, 358.00, 0.01, 151
241, 2089.00, 0.01, 151
242, 1661.00, 0.01, 151
243, 1631.00, 0.01, 151
244, 1294.00, 0.01, 151
245, 2828.00, 0.01, 151
246, 1431.00, 0.01, 151
247, 1504.00, 0.01, 151
248, 308.00, 0.01, 151
249, 1338.00, 0.01, 151
250, 1838.00, 0.01, 151
251, 1354.00, 0.01, 151
252, -886.00, 0.01, 151
253, -675.00, 0.01, 151
254, 1296.00, 0.01, 151
255, 724.00, 0.01, 151
256, 2715.00, 0.01, 151
257, 1036.00, 0.01, 254
258, 1921.00, 0.01, 151
259, 1517.00, 0.01, 151
260, 1366.00, 0.01, 151
261, 1366.00, 0.01, 151
262, 2563.00, 0.01, 151
263, 1634.00, 0.01, 151
264, 1229.00, 0.01, 151
265, 805.00, 0.01, 151
266, 2800.00, 0.01, 151
267, 4267.00, 0.01, 151
268, 472.00, 0.01, 151
269, 2403.00, 0.01, 151
270, 1236.00, 0.01, 151
271, 469.00, 0.01, 151
272, 1505.00, 0.01, 151
273, 1656.00, 0.01, 151
274, 3686.00, 0.01, 151
275, 435.00, 0.01, 151
276, 1505.00, 0.01, 151
277, 1702.00, 0.01, 151
278, 1225.00, 0.01, 151
279, 3553.00, 0.01, 151
280, 1794.00, 0.01, 151
281, 1365.00, 0.01, 151
282, 3479.00, 0.01, 151
283, 1362.00, 0.01, 151
284, 2453.00, 0.01, 151
285, 2551.00, 0.01, 151
286, 1258.00, 0.01, 151
287, 1494.00, 0.01, 151
288, 2550.00, 0.01, 151
289, 2551.00, 0.01, 151
290, 1578.00, 0.01, 151
291, -836.00, 0.01, 151
292, 2543.00, 0.01, 151
293, 1343.00, 0.01, 151
294, 1401.00, 0.01, 151
295, 1084.00, 0.01, 151
296, 308.00, 0.01, 151
297, 2827.00, 0.01, 151
298, 12.00, 0.01, 151
299, 169.00, 0.01, 151
300, 1494.00, 0.01, 151
301, 181.00, 0.01, 151
302, 1362.00, 0.01, 151
303, 453.00, 0.01, 151
304, 2808.00, 0.01, 151
305, 1806.00, 0.01, 151
306, 568.00, 0.01, 151
307, 1522.00, 0.01, 151
308, 1366.00, 0.01, 151
309, 955.00, 0.01, 151
310, 598.00, 0.01, 151
311, 322.00, 0.01, 151
312, 2306.00, 0.01, 151
313, 3443.00, 0.01, 151
314, 3479.00, 0.01, 151
315, 355.00, 0.01, 151
316, 818.00, 0.01, 151
317, 2461.00, 0.01, 151
318, 437.00, 0.01, 151
319, 190.00, 0.01, 151
320, 1366.00, 0.01, 151
321, 2565.00, 0.01, 151
322, -192.00, 0.01, 224
323, -2228.00, 0.01, 279
324, 2423.00, 0.01, 151
325, 2551.00, 0.01, 151
326, 1373.00, 0.01, 151
327, 2543.00, 0.01, 151
328, 5066.00, 0.01, 151
329, 1472.00, 0.01, 151
330, 1225.00, 0.01, 151
331, 1481.00, 0.01, 151
332, 215.00, 0.01, 151
333, 1505.00, 0.01, 151
334, 2422.00, 0.01, 151
335, 1290.00, 0.01, 151
336, 1502.00, 0.01, 151
337, 2245.00, 0.01, 151
338, 2423.00, 0.01, 151
339, 1287.00, 0.01, 151
340, -1383.00, 0.01, 151
341, 905.00, 0.01, 151
342, 373.00, 0.01, 151
343, 1990.00, 0.01, 151
344, -250.00, 0.01, 151
345, -58.00, 0.01, 151
346, 3600.00, 0.01, 151
347, 1540.00, 0.01, 151
348, -1206.00, 0.01, 151
349, -210.00, 0.01, 151
350, 1382.00, 0.01, 151
351, 44.00, 0.01, 151
352, 2009.00, 0.01, 151
353, -2461.00, 0.01, 151
354, 1218.00, 0.01, 151
355, 2562.00, 0.01, 151
356, 2503.00, 0.01, 151
357, 2551.00, 0.01, 151
358, 437.00, 0.01, 151
359, 3340.00, 0.01, 151
360, 1838.00, 0.01, 151
361, 2422.00, 0.01, 151
362, 1506.00, 0.01, 151
363, 170.00, 0.01, 151
364, 2422.00, 0.01, 151
365, 2411.00, 0.01, 151
366, 800.00, 0.01, 151
367, -180.00, 0.01, 151
368, 3468.00, 0.01, 151
369, 3004.00, 0.01, 151
370, -264.00, 0.01, 151
371, 1458.00, 0.01, 151
372, 1506.00, 0.01, 151
373, 309.00, 0.01, 151
374, 1365.00, 0.01, 151
375, -226.00, 0.01, 151
376, 1226.00, 0.01, 151
377, -1355.00, 0.01, 151
378, 2549.00, 0.01, 151
379, 1225.00, 0.01, 151
380, 437.00, 0.01, 151
381, 1365.00, 0.01, 151
382, -737.00, 0.01, 151
383, 3608.00, 0.01, 151
384, 1944.00, 0.01, 151
385, 1113.00, 0.01, 151
386, 2623.00, 0.01, 151
387, 1291.00, 0.01, 151
388, 3709.00, 0.01, 151
389, 3465.00, 0.01, 151
390, 2282.00, 0.01, 151
391, 1250.00, 0.01, 151
392, 2188.00, 0.01, 151
393, 1608.00, 0.01, 151
394, 1844.00, 0.01, 151
395, 448.00, 0.01, 151
396, 2531.00, 0.01, 151
397, 1494.00, 0.01, 151
398, 2335.00, 0.01, 151
399, 1225.00, 0.01, 151
400, 2220.00, 0.01, 151
401, 1494.00, 0.01, 151
402, 2564.00, 0.01, 151
403, 4022.00, 0.01, 151
404, -151.00, 0.01, 151
405, -3.00, 0.01, 151
406, 63.00, 0.01, 151
407, 1366.00, 0.01, 151
408, 266.00, 0.01, 151
409, 3147.00, 0.01, 151
410, 564.00, 0.01, 151
411, 2676.00, 0.01, 151
412, 1528.00, 0.01, 151
413, 1421.00, 0.01, 151
414, 506.00, 0.01, 151
415, -1828.00, 0.01, 151
416, 2918.00, 0.01, 151
417, 407.00, 0.01, 151
418, 540.00, 0.01, 151
419, 526.00, 0.01, 151
420, 492.00, 0.01, 151
421, 1900.00, 0.01, 151
422, -859.00, 0.01, 267
423, 375.00, 0.01, 151
424, 1366.00, 0.01, 151
425, 1631.00, 0.01, 151
426, 255.00, 0.01, 151
427, 1342.00, 0.01, 151
428, 1367.00, 0.01, 151
429, 1304.00, 0.01, 151
430, 2562.00, 0.01, 151
431, 3459.00, 0.01, 151
432, 1354.00, 0.01, 151
433, 1519.00, 0.01, 151
434, 2560.00, 0.01, 151
435, 1494.00, 0.01, 151
436, -417.00, 0.01, 151
437, -164.00, 0.01, 151
438, 2082.00, 0.01, 151
439, 1405.00, 0.01, 151
440, 1367.00, 0.01, 151
441, 1250.00, 0.01, 151
442, 2562.00, 0.01, 151
443, 3813.00, 0.01, 151
444, -640.00, 0.01, 151
445, 1829.00, 0.01, 151
446, 1044.00, 0.01, 151
447, 1492.00, 0.01, 151
448, 2691.00, 0.01, 151
449, -59.00, 0.01, 151
450, 456.00, 0.01, 151
451, 2279.00, 0.01, 151
452, -29.00, 0.01, 151
453, 699.00, 0.01, 151
454, 2875.00, 0.01, 151
455, 2691.00, 0.01, 151
456, 1366.00, 0.01, 151
457, 1191.00, 0.01, 151
458, 2530.00, 0.01, 151
459, 204.00, 0.01, 151
460, 1565.00, 0.01, 151
461, 1044.00, 0.01, 151
462, 425.00, 0.01, 151
463, 1612.00, 0.01, 151
464, -116.00, 0.01, 151
465, 3619.00, 0.01, 151
466, 276.00, 0.01, 151
467, -1039.00, 0.01, 151
468, -97.00, 0.01, 151
469, 2708.00, 0.01, 151
470, 164.00, 0.01, 151
471, -1055.00, 0.01, 151
472, -589.00, 0.01, 151
473, -348.00, 0.01, 151
474, 1372.00, 0.01, 151
475, -413.00, 0.01, 151
476, 182.00, 0.01, 151
477, 2209.00, 0.01, 151
478, 2422.00, 0.01, 151
479, 833.00, 0.01, 151
480, -180.00, 0.01, 151
481, -305.00, 0.01, 151
482, 2282.00, 0.01, 151
483, 1657.00, 0.01, 151
484, -198.00, 0.01, 151
485, 2229.00, 0.01, 151
486, -1312.00, 0.01, 151
487, 2872.00, 0.01, 266
488, 309.00, 0.01, 151
489, 688.00, 0.01, 151
490, 1924.00, 0.01, 151
491, 1382.00, 0.01, 151
492, -1298.00, 0.01, 151
493, 1431.00, 0.01, 151
494, -1476.00, 0.01, 151
495, 1531.00, 0.01, 151
496, 2792.00, 0.01, 151
497, 571.00, 0.01, 151
498, -2123.00, 0.01, 151
499, -102.00, 0.01, 154
500, 271.00, 0.01, 151
501, 3363.00, 0.01, 151
502, 2400.00, 0.01, 151
503, 168.00, 0.01, 151
504, 2576.00, 0.01, 151
505, 1365.00, 0.01, 151
506, -1153.00, 0.01, 151
507, 1283.00, 0.01, 151
508, -459.00, 0.01, 151
509, 302.00, 0.01, 151
510, 1906.00, 0.01, 151
511, 2521.00, 0.01, 151
512, 659.00, 0.01, 151
513, 1505.00, 0.01, 151
514, 2282.00, 0.01, 151
515, 3196.00, 0.01, 151
516, 2422.00, 0.01, 151
517, 2551.00, 0.01, 151
518, 2141.00, 0.01, 151
519, 437.00, 0.01, 151
520, 2087.00, 0.01, 151
521, 2421.00, 0.01, 151
522, 272.00, 0.01, 151
523, 3892.00, 0.01, 151
524, 189.00, 0.01, 151
525, 442.00, 0.01, 151
526, 4141.00, 0.01, 151
527, 1458.00, 0.01, 151
528, -104.00, 0.01, 151
529, 412.00, 0.01, 151
530, 1032.00, 0.01, 151
531, 3050.00, 0.01, 151
532, -1574.00, 0.01, 151
533, 1505.00, 0.01, 151
534, -210.00, 0.01, 151
535, 1494.00, 0.01, 151
536, -1234.00, 0.01, 151
537, 2374.00, 0.01, 151
538, 2422.00, 0.01, 151
539, 2424.00, 0.01, 151
540, 2422.00, 0.01, 151
541, 309.00, 0.01, 151
542, 987.00, 0.01, 151
543, 310.00, 0.01, 151
544, 1226.00, 0.01, 151
545, 1605.00, 0.01, 151
546, 582.00, 0.01, 151
547, 1352.00, 0.01, 151
548, 1365.00, 0.01, 151
549, -2132.00, 0.01, 151
550, 225.00, 0.01, 151
551, 1386.00, 0.01, 151
552, 1368.00, 0.01, 151
553, 3463.00, 0.01, 151
554, -1524.00, 0.01, 151
555, 2416.00, 0.01, 151
556, 2386.00, 0.01, 151
557, 577.00, 0.01, 151
558, 513.00, 0.01, 151
559, -5.00, 0.01, 151
560, 574.00, 0.01, 151
561, 1284.00, 0.01, 151
562, 2438.00, 0.01, 151
563, 1239.00, 0.01, 151
564, 3339.00, 0.01, 151
565, 2957.00, 0.01, 151
566, 2418.00, 0.01, 151
567, 431.00, 0.01, 151
568, 2039.00, 0.01, 151
569, 2228.00, 0.01, 151
570, -328.00, 0.01, 151
571, 454.00, 0.01, 151
572, -2392.00, 0.01, 151
573, 1639.00, 0.01, 151
574, 599.00, 0.01, 151
575, 310.00, 0.01, 151
576, 449.00, 0.01, 151
577, 2153.00, 0.01, 151
578, 1829.00, 0.01, 151
579, 1223.00, 0.01, 151
580, 2411.00, 0.01, 151
581, 2747.00, 0.01, 151
582, 2420.00, 0.01, 151
583, 1374.00, 0.01, 151
584, 448.00, 0.01, 151
585, 1013.00, 0.01, 151
586, 428.00, 0.01, 151
587, 255.00, 0.01, 151
588, 958.00, 0.01, 175
589, 361.00, 0.01, 151
590, 3972.00, 0.01, 151
591, 308.00, 0.01, 151
592, 1366.00, 0.01, 151
593, 2283.00, 0.01, 151
594, 1519.00, 0.01, 151
595, 728.00, 0.01, 151
596, 724.00, 0.01, 151
597, 201.00, 0.01, 151
598, 519.00, 0.01, 151
599, 1149.00, 0.01, 151
600, 3481.00, 0.01, 151
